$ 1 5.0E-6 10 50 5.0 50
406 96 400 224 400 0 4.0 0.999 1:1\p1 3 0.0 0.0 0.0
v 32 464 32 400 0 1 60.0 10.0 0.0 0.0 0.5
w 32 400 96 400 0
w 32 464 96 464 0
g 32 464 32 496 0
r 224 400 288 400 0 100.0
r 224 464 288 464 0 200.0
w 288 400 288 432 0
w 288 464 288 432 0
w 224 432 288 432 0
g 288 432 320 432 0
406 400 400 528 400 0 4.0 0.999 1,-1:2 3 0.0 0.0 0.0
v 336 432 336 400 0 1 60.0 10.0 0.0 0.0 0.5
w 336 400 400 400 0
w 336 432 400 432 0
g 336 432 336 464 0
w 400 448 368 448 0
r 368 448 368 480 0 100.0
w 368 480 400 480 0
g 400 480 400 512 0
r 528 400 592 400 0 1000.0
w 592 400 592 480 0
w 528 480 592 480 0
g 592 480 592 512 0
