$ 1 5.0E-6 10 50 5.0 50
409 96 96 224 96 0 0.6 0.0 0.0231 0
v 32 192 32 80 0 1 1000.0 5.0 0.0 0.0 0.5
r 32 80 96 80 0 10000.0
w 96 80 96 16 0
r 96 16 224 16 0 20000.0
w 224 16 224 96 0
w 96 112 96 192 0
w 32 192 96 192 0
g 32 192 32 224 0
R 160 64 160 48 0 0 40.0 15.0 0.0 0.0 0.5
R 160 128 160 144 0 0 40.0 -15.0 0.0 0.0 0.5
r 224 96 288 96 0 10000.0
g 288 96 288 128 0
409 448 96 576 96 0 0.6 0.0 0.0231 1
v 384 192 384 80 0 1 1000.0 5.0 0.0 0.0 0.5
r 384 80 448 80 0 10000.0
w 448 80 448 16 0
r 448 16 576 16 0 20000.0
w 576 16 576 96 0
w 448 112 448 192 0
w 384 192 448 192 0
g 384 192 384 224 0
R 512 64 512 48 0 0 40.0 15.0 0.0 0.0 0.5
R 512 128 512 144 0 0 40.0 -15.0 0.0 0.0 0.5
r 576 96 640 96 0 10000.0
g 640 96 640 128 0
409 800 96 928 96 0 0.6 0.0 0.0231 2
v 736 192 736 80 0 1 1000.0 5.0 0.0 0.0 0.5
r 736 80 800 80 0 10000.0
w 800 80 800 16 0
r 800 16 928 16 0 20000.0
w 928 16 928 96 0
w 800 112 800 192 0
w 736 192 800 192 0
g 736 192 736 224 0
R 864 64 864 48 0 0 40.0 15.0 0.0 0.0 0.5
R 864 128 864 144 0 0 40.0 -15.0 0.0 0.0 0.5
r 928 96 992 96 0 10000.0
g 992 96 992 128 0
